DNI
41322808
00414586
29423471
29337793
29640394
40730316
40721544
29735469
41688523
42896006
00505966
41655463
00508588
00665601
00521635
00515183
45271856
00443343
00443894
00796488
04430122
04742347
00493364
00795638
00473716
00471687
00475843
00445196
00485507
00483329
00480960
00476651
00440697
04434679
80066255
00492927
00485916
00490363
00497252
70938739
00510288
72787607
40628767
00407014
00409093
00417584
00422420
00438608
46343863
00487618
00426052
42913873
74277529
74415601
00790369
29522177
00676118
40700975
70059476
42624198
41428952
44826597
42040886
00445461
00499044
00796962
00797504
00660810
41687835
48073869
00794823
00448230
73298976
41374169
00485312
01889027
42209156
45213723
24715478
00431135
00486627
01304150
00510474
00513767
70126896
00511655
01311182
42885644
01865710
41763725
04426373
00446423
40824162
70775676
00504487
00483433
29638578
00467278
46752050
00793471
70095044
00520783
42531750
01765026
00481308
02174221
70277377
42082564
43536748
70381519
00660267
80023130
00489193
41675897
41820911
70143960
00491297
01221223
80255060
42841101
00442827
40161198
43464381
00669492
44419494
00667030
00677614
76612286
00443213
00490610
00505381
01314414
00664568
07866090
80309804
47204166
41445072
46889718
00796124
40117108
00487853
00795636
71835585
40412806
41327883
44021376
00676370
40938772
42289904
00790853
00672725
00493806
00442056
42044927
20038369
00445885
29721433
00507687
74778724
74028739
72146743
72095106
71322926
44866980
44794101
44743154
44313121
43345857
00662323
42084709
80044468
00796666
44374838
41663674
40296847
41545962
00796891
41758140
42695363
00501267
41428945
44312171
71322093
40211893
71719652
00472369
43544014
00493069
80215606
44240011
72790746
04651144
46578671
00516537
70501313
43164694
70513437
00496784
00485975
44619861
71377455
43606637
43243625
70146883
42105667
70602832
00447603
00486514
40758634
31604351
00676401
00492160
41153230
40949996
00515752
00795819
00515094
00793435
00445220
00495353
40912057
00492119
00474878
00490677
00487084
41338429
00494755
41971904
41811234
41358042
00662408
00461722
43208597
00662404
00662320
00676386
00486741
43265360
01875525
01889317
40086988
41738271
00447420
00493349
00515578
41969939
00445315
01305584
00515284
41100039
00793564
00498676
00499046
00410352
43644384
80230752
42734432
00484973
00432037
00487167
00484928
00506872
21436216
29694215
70108018
45777267
01843990
45451293
00520672
74300507
00442010
45645620
43756844
76841743
00452680
40644039
00662336
00474814
00461464
29551134
00483963
44527462
00504571
44479647
00504101
42966431
41207813
01822665
00661656
40960285
01324789
00661476
00517024
40854090
04748549
44748212
01321633
00412509
00430521
00514558
00427277
01778245
40859274
43999604
40611998
00795820
00660817
44257920
00477168
00488242
46007434
00797448
00791522
48352707
41784219
00671065
43523023
00792678
00484156
00797506
00469534
00414235
40179049
01344606
00791809
73929976
46064284
00676055
00463058
40539999
45210303
00514450
04434224
40907618
46986065
44847850
00676063
44352176
01334639
00520232
72313561
00667020
00448006
00470911
00795119
00490954
00410197
00412925
42959421
42293161
40386779
00792324
00793706
00661474
00494558
00493928
00497946
40647823
41945330
45240547
71580864
73736591
40133134
29677426
44628960
42761266
70511894
29601534
46778984
00434427
02440475
00660378
47500458
41885383
04642339
41442072
00406216
45563086
02645647
29446674
00473676
00483679
71874760
40938759
71217660
00498150
00498116
00474925
43053753
00445991
00414246
80456614
80491646
46062070
46367297
00665932
00488123
43844010
00495352
80190716
00520658
73588957
00492526
43223961
40448035
40456878
21576466
46375861
00667422
00507380
71240537
01284667
63309546
45657977
00515667
00448381
01322342
41467396
41128542
00514068
43164871
06812040
00662476
00488856
00488885
00482880
47352390
00412494
00473274
00662789
41246664
00514451
00514351
00484756
00484707
40424147
00790052
75515514
73993150
70910195
40980544
80190349
70329405
41952406
42453316
29420168
42913855
76418645
40719698
00662668
43906329
00440608
43653303
44339622
00489110
00673726
00422096
18881987
41820921
00662115
00491093
00488545
00662696
42445033
00662644
22966925
40941322
40033552
40311917
00517885
00505804
00450212
00506449
40865948
44143966
40949992
02429450
00443708
00452385
00440619
00797196
00676303
42531749
00795094
00428579
73116941
43424918
42336151
42424766
04743868
00667017
01300993
01307996
00516255
00498226
00488916
42201453
00520181
00670429
29685789
20052583
41106111
00443178
44470831
46779492
42462736
41850200
41829219
40443352
00664188
00461226
42173182
00494267
00481870
29721600
40066689
00476841
77293114
43860306
43119302
42735679
43891166
76287073
73619583
44557571
41172271
42013509
40846265
44908605
00794094
00461023
42957590
44118014
46899369
42154342
42017051
00461652
71946813
41315462
29629955
76332980
40262476
29560752
00505044
71056585
41663432
40485466
00664040
04630347
43139214
00493552
44733607
00676113
00512646
71220737
29481902
00517849
00452793
00792698
44119494
40016618
47044108
41654002
24704570
44985842
00443784
00404076
70571183
42395325
01284860
41885144
00495047
00485802
76008334
42161555
44115545
30832608
00495161
00795731
41724715
71003567
42931973
41212232
40390269
01841838
74026921
42858981
41739647
00434560
04742718
00460417
00470959
45462561
07599894
01325661
41827075
04644548
43962723
46593340
00504747
00444466
00499778
80331671
80190539
00444288
00468103
04630313
00512528
00497832
00447715
42193730
41131628
01308292
29555981
00683022
00461542
00506738
00661951
41673764
46491078
40330048
00423837
29738307
40456235
40154299
00795288
42844681
00401510
00516460
00446773
00496016
71276828
04411921
41791145
00420422
00516310
00437658
00412415
29577766
00409418
00484306
00676204
00439107
00406071
04634252
00439779
01317756
00474917
00489452
00676464
00512506
47010562
42950754
00491244
80215216
47462684
40640501
43013581
00795081
01888445
00497056
00415953
29561042
00403515
00473420
00425343
00507116
00469410
00471208
00488457
04436993
00674810
01334904
00431974
72225111
00523478
00465635
46511828
00667579
00516506
25712412
01334408
00662212
41985370
40311887
70049339
00794972
42974446
42254762
40754835
04644596
00486061
00499712
45379397
00797388
00495234
00490816
00484944
43040927
45731422
42092485
41898849
70153867
47018729
46250617
44185624
71238962
01326930
46726157
42271971
04434559
02444874
01330218
01328281
01310399
00660126
00507374
00498752
43275560
42165288
41979891
41316344
41142203
40407092
40138047
41952402
80216712
74843137
00504384
00494856
72929785
15346955
77327449
00502325
00494315
41738264
01865749
45428188
70836175
00497259
41241155
00507903
80055149
00488899
