DNI
41699848
33343161
47971097
75448037
72903678
72777095
73083587
43109977
71567380
45127987
45152232
47266939
45444604
73300353
43490271
41034336
44226546
71322154
46081901
43588205
32971390
47731710
43610088
45647350
45085322
71298997
43399867
42433536
47358613
47336577
42736477
46059637
43580887
40854846
43232314
41929168
48012449
44664923
73537428
45033699
44887265
72098182
43127607
41326131
70014714
40881697
42770525
43815110
47946381
44110484
41338521
70215465
41255991
73634972
46678994
70190798
46029290
43060433
21522353
40547759
42160743
72686090
32970929
44908915
44403968
42562297
46733574
32913484
46757764
47631646
46855539
47581550
32297222
42019685
42120022
70377625
41149621
71964899
71051406
70011437
48586147
41554245
45808247
45386033
32392490
48482131
47986631
47921054
46916849
46456364
32963655
76875878
71931980
70148666
44753313
46552283
70126151
76543473
45177213
70497162
61069751
43195001
71720977
71704762
48254944
45557922
45983936
44817337
46260478
42372944
41371020
44750622
45346620
45633589
71963027
70895349
70166329
76532354
48687817
45073544
72652863
73372877
44808275
45504354
70119424
76918347
45481647
72688876
70670575
44301562
76313270
41908017
43853739
40520537
45478287
47266751
44226539
40695207
42104433
41510505
44495055
44300602
09978200
43896981
42238226
46730919
41214652
45251592
40937412
40591185
47025440
45844357
45822134
43117275
70569152
41500594
46440745
40714717
48300066
71001204
44773829
40886930
46817136
46816434
43697755
70353792
41944001
45563121
44293877
41476503
70436529
72726657
71304447
45434629
72156255
41132786
40460276
46977537
71458453
47730515
44402810
46991599
45750647
76035955
42262431
46885395
42793254
47206224
61602516
47731840
46326223
46261515
46463150
74570030
42713338
40408291
70168919
73749217
42631974
21547656
32770417
71040091
70474646
73665051
70931132
09785394
72956475
18828272
70920890
48873774
71111450
73385350
46951363
43447362
43471310
42663583
40394053
47053621
47129798
71511063
70510162
45260765
75478788
32408178
70175344
47105322
77054265
70516839
70369966
32386644
70780439
45634895
76903141
33342619
42772471
44495840
16723876
70459281
44047796
73025038
43812701
75858892
31655099
70445884
70323512
32043068
33345861
71727712
71530239
32408026
47965425
71506634
70345361
71137651
47622934
47405581
32387957
33348838
70609377
74483868
70241925
71046166
47168806
47119363
46687662
72718843
70847317
80400630
76536860
76219001
41589263
47133977
42890499
46693480
42762928
21547248
47072233
70213147
32386446
70610317
75336398
70610333
71761410
46264167
46063749
45785694
42418076
41342800
41103603
40331462
71851595
40195184
73766266
31667698
45462923
45021342
77218805
70511123
72668391
48712929
72174469
75560234
74421660
71509102
